# Lookup table for polarizer py values, assuming px = 1
# File generated on Wed May  9 09:29:19 2018
# wave [nm]           py

      374.0  0.021476980
      375.0  0.021429809
      376.0  0.021382619
      377.0  0.021335619
      378.0  0.021242524
      379.0  0.021195574
      380.0  0.021059988
      381.0  0.020970222
      382.0  0.020838197
      383.0  0.020752985
      384.0  0.020624559
      385.0  0.020499902
      386.0  0.020376280
      387.0  0.020255044
      388.0  0.020097673
      389.0  0.019943528
      390.0  0.019829083
      391.0  0.019681305
      392.0  0.019536121
      393.0  0.019394198
      394.0  0.019255346
      395.0  0.019119371
      396.0  0.018986627
      397.0  0.018855790
      398.0  0.018727738
      399.0  0.018602699
      400.0  0.018479204
      401.0  0.018359838
      402.0  0.018213050
      403.0  0.018096998
      404.0  0.017984062
      405.0  0.017872756
      406.0  0.017764505
      407.0  0.017657124
      408.0  0.017526163
      409.0  0.017423047
      410.0  0.017298043
      411.0  0.017199567
      412.0  0.017077170
      413.0  0.016982278
      414.0  0.016866161
      415.0  0.016752539
      416.0  0.016638316
      417.0  0.016530363
      418.0  0.016422259
      419.0  0.016316883
      420.0  0.016233673
      421.0  0.016132554
      422.0  0.016013106
      423.0  0.015914727
      424.0  0.015837844
      425.0  0.015742470
      426.0  0.015648339
      427.0  0.015559382
      428.0  0.015468337
      429.0  0.015381336
      430.0  0.015294579
      431.0  0.015208696
      432.0  0.015125311
      433.0  0.015042187
      434.0  0.014945741
      435.0  0.014865949
      436.0  0.014786814
      437.0  0.014695325
      438.0  0.014619162
      439.0  0.014528861
      440.0  0.014456629
      441.0  0.014383975
      442.0  0.014299720
      443.0  0.014228709
      444.0  0.014145938
      445.0  0.014079411
      446.0  0.013998788
      447.0  0.013919679
      448.0  0.013842357
      449.0  0.013779760
      450.0  0.013705551
      451.0  0.013630971
      452.0  0.013559892
      453.0  0.013488174
      454.0  0.013428377
      455.0  0.013359921
      456.0  0.013291107
      457.0  0.013235454
      458.0  0.013167941
      459.0  0.013102587
      460.0  0.013039096
      461.0  0.012975812
      462.0  0.012911489
      463.0  0.012850998
      464.0  0.012790622
      465.0  0.012729870
      466.0  0.012669329
      467.0  0.012612524
      468.0  0.012554789
      469.0  0.012488518
      470.0  0.012431649
      471.0  0.012368409
      472.0  0.012315185
      473.0  0.012261501
      474.0  0.012199192
      475.0  0.012147082
      476.0  0.012086104
      477.0  0.012036450
      478.0  0.011978372
      479.0  0.011927668
      480.0  0.011872479
      481.0  0.011823109
      482.0  0.011767674
      483.0  0.011714187
      484.0  0.011659372
      485.0  0.011608190
      486.0  0.011555197
      487.0  0.011504653
      488.0  0.011453656
      489.0  0.011400885
      490.0  0.011353249
      491.0  0.011303685
      492.0  0.011262708
      493.0  0.011214562
      494.0  0.011167736
      495.0  0.011120530
      496.0  0.011074236
      497.0  0.011035677
      498.0  0.010991052
      499.0  0.010946355
      500.0  0.010903322
      501.0  0.010865667
      502.0  0.010816471
      503.0  0.010773029
      504.0  0.010733056
      505.0  0.010689073
      506.0  0.010649811
      507.0  0.010603763
      508.0  0.010564435
      509.0  0.010519344
      510.0  0.010480119
      511.0  0.010440535
      512.0  0.010401617
      513.0  0.010360328
      514.0  0.010321968
      515.0  0.010278960
      516.0  0.010244325
      517.0  0.010208872
      518.0  0.010171990
      519.0  0.010140914
      520.0  0.010103429
      521.0  0.010068175
      522.0  0.010023409
      523.0  0.009985724
      524.0  0.009950980
      525.0  0.009924614
      526.0  0.009890046
      527.0  0.009858889
      528.0  0.009822805
      529.0  0.009785448
      530.0  0.009749784
      531.0  0.009713375
      532.0  0.009678289
      533.0  0.009645552
      534.0  0.009608922
      535.0  0.009577001
      536.0  0.009538423
      537.0  0.009503782
      538.0  0.009468473
      539.0  0.009435160
      540.0  0.009402581
      541.0  0.009368824
      542.0  0.009337251
      543.0  0.009305637
      544.0  0.009273817
      545.0  0.009241158
      546.0  0.009205181
      547.0  0.009176273
      548.0  0.009145204
      549.0  0.009117505
      550.0  0.009085342
      551.0  0.009052295
      552.0  0.009024216
      553.0  0.008992149
      554.0  0.008957284
      555.0  0.008929085
      556.0  0.008901739
      557.0  0.008874770
      558.0  0.008846929
      559.0  0.008818939
      560.0  0.008786291
      561.0  0.008757534
      562.0  0.008731286
      563.0  0.008703500
      564.0  0.008680129
      565.0  0.008654915
      566.0  0.008629540
      567.0  0.008601467
      568.0  0.008574094
      569.0  0.008551110
      570.0  0.008526895
      571.0  0.008505784
      572.0  0.008481906
      573.0  0.008460264
      574.0  0.008436585
      575.0  0.008411640
      576.0  0.008389494
      577.0  0.008368428
      578.0  0.008347235
      579.0  0.008325958
      580.0  0.008304549
      581.0  0.008278504
      582.0  0.008256826
      583.0  0.008235729
      584.0  0.008214089
      585.0  0.008197456
      586.0  0.008180125
      587.0  0.008158932
      588.0  0.008136518
      589.0  0.008112952
      590.0  0.008088089
      591.0  0.008069200
      592.0  0.008048578
      593.0  0.008027148
      594.0  0.008004549
      595.0  0.007980611
      596.0  0.007958459
      597.0  0.007933126
      598.0  0.007907840
      599.0  0.007887696
      600.0  0.007868511
      601.0  0.007851248
      602.0  0.007832823
      603.0  0.007814631
      604.0  0.007792477
      605.0  0.007770184
      606.0  0.007748680
      607.0  0.007727845
      608.0  0.007708704
      609.0  0.007692392
      610.0  0.007677842
      611.0  0.007661581
      612.0  0.007646049
      613.0  0.007631147
      614.0  0.007615449
      615.0  0.007601375
      616.0  0.007596540
      617.0  0.007590553
      618.0  0.007582122
      619.0  0.007569304
      620.0  0.007555453
      621.0  0.007542210
      622.0  0.007522532
      623.0  0.007503926
      624.0  0.007481320
      625.0  0.007465227
      626.0  0.007452104
      627.0  0.007436398
      628.0  0.007416515
      629.0  0.007394468
      630.0  0.007374641
      631.0  0.007356538
      632.0  0.007342390
      633.0  0.007328844
      634.0  0.007319571
      635.0  0.007310449
      636.0  0.007294926
      637.0  0.007272479
      638.0  0.007253681
      639.0  0.007232426
      640.0  0.007212715
      641.0  0.007197086
      642.0  0.007180580
      643.0  0.007163146
      644.0  0.007147070
      645.0  0.007128024
      646.0  0.007109514
      647.0  0.007091238
      648.0  0.007074853
      649.0  0.007062727
      650.0  0.007049324
      651.0  0.007037901
      652.0  0.007028224
      653.0  0.007012961
      654.0  0.007000116
      655.0  0.006981075
      656.0  0.006965212
      657.0  0.006949674
      658.0  0.006935260
      659.0  0.006917723
      660.0  0.006901030
      661.0  0.006884420
      662.0  0.006872099
      663.0  0.006857885
      664.0  0.006840671
      665.0  0.006822268
      666.0  0.006809675
      667.0  0.006797056
      668.0  0.006787048
      669.0  0.006775806
      670.0  0.006761592
      671.0  0.006752315
      672.0  0.006743009
      673.0  0.006731241
      674.0  0.006719369
      675.0  0.006714234
      676.0  0.006702532
      677.0  0.006691468
      678.0  0.006681573
      679.0  0.006673012
      680.0  0.006663814
      681.0  0.006654342
      682.0  0.006645691
      683.0  0.006636585
      684.0  0.006623861
      685.0  0.006609584
      686.0  0.006600464
      687.0  0.006590700
      688.0  0.006582111
      689.0  0.006573541
      690.0  0.006564617
      691.0  0.006555777
      692.0  0.006544435
      693.0  0.006535776
      694.0  0.006526980
      695.0  0.006519048
      696.0  0.006510894
      697.0  0.006502736
      698.0  0.006493317
      699.0  0.006482927
      700.0  0.006474669
      701.0  0.006469885
      702.0  0.006463448
      703.0  0.006456317
      704.0  0.006445439
      705.0  0.006436337
      706.0  0.006426975
      707.0  0.006417705
      708.0  0.006417192
      709.0  0.006408527
      710.0  0.006401588
      711.0  0.006396431
      712.0  0.006389711
      713.0  0.006382455
      714.0  0.006380267
      715.0  0.006371054
      716.0  0.006366835
      717.0  0.006360826
      718.0  0.006352076
      719.0  0.006342996
      720.0  0.006338324
      721.0  0.006333592
      722.0  0.006322851
      723.0  0.006305991
      724.0  0.006295454
      725.0  0.006290721
      726.0  0.006290721
      727.0  0.006294201
      728.0  0.006295080
      729.0  0.006294201
      730.0  0.006290721
      731.0  0.006286714
      732.0  0.006285722
      733.0  0.006286270
      734.0  0.006290721
      735.0  0.006294201
      736.0  0.006294201
      737.0  0.006286714
      738.0  0.006281256
      739.0  0.006276365
      740.0  0.006268626
      741.0  0.006266182
      742.0  0.006257960
      743.0  0.006257645
      744.0  0.006257701
      745.0  0.006257647
      746.0  0.006256994
      747.0  0.006253021
      748.0  0.006248706
      749.0  0.006248346
      750.0  0.006246418
      751.0  0.006246418
      752.0  0.006247768
      753.0  0.006248346
      754.0  0.006248373
      755.0  0.006248333
      756.0  0.006248373
      757.0  0.006248333
      758.0  0.006250252
      759.0  0.006256994
      760.0  0.006259385
      761.0  0.006267527
      762.0  0.006273908
      763.0  0.006277981
      764.0  0.006284750
      765.0  0.006286714
      766.0  0.006288655
      767.0  0.006295080
      768.0  0.006304115
      769.0  0.006313893
      770.0  0.006324031
      771.0  0.006338324
      772.0  0.006350924
      773.0  0.006360826
      774.0  0.006371042
      775.0  0.006380689
      776.0  0.006398975
      777.0  0.006415702
      778.0  0.006427570
      779.0  0.006441755
      780.0  0.006452870
      781.0  0.006463016
      782.0  0.006480803
      783.0  0.006500527
      784.0  0.006518896
      785.0  0.006538101
      786.0  0.006559977
      787.0  0.006581416
      788.0  0.006605299
      789.0  0.006635490
      790.0  0.006666103
      791.0  0.006698248
      792.0  0.006725730
      793.0  0.006751007
      794.0  0.006778103
      795.0  0.006804547
      796.0  0.006838598
      797.0  0.006872099
      798.0  0.006906729
      799.0  0.006939712
      800.0  0.006975494
      801.0  0.007012564
      802.0  0.007053992
      803.0  0.007097079
      804.0  0.007139270
      805.0  0.007187807
      806.0  0.007237823
      807.0  0.007286887
      808.0  0.007344403
      809.0  0.007400138
      810.0  0.007452104
      811.0  0.007505736
      812.0  0.007560912
      813.0  0.007618545
      814.0  0.007678029
      815.0  0.007740618
      816.0  0.007801631
      817.0  0.007860946
      818.0  0.007919939
      819.0  0.007975676
      820.0  0.008038938
      821.0  0.008104174
      822.0  0.008168277
      823.0  0.008238942
      824.0  0.008310452
      825.0  0.008378751
      826.0  0.008450741
      827.0  0.008523669
      828.0  0.008595943
      829.0  0.008676995
      830.0  0.008757534
      831.0  0.008833962
      832.0  0.008913841
      833.0  0.008985265
      834.0  0.009058891
      835.0  0.009127575
      836.0  0.009203034
      837.0  0.009277965
      838.0  0.009350955
      839.0  0.009427562
      840.0  0.009501351
      841.0  0.009577001
      842.0  0.009651083
      843.0  0.009730970
      844.0  0.009808261
      845.0  0.009885216
      846.0  0.009966610
      847.0  0.010043570
      848.0  0.010121857
      849.0  0.010197796
      850.0  0.010274194
      851.0  0.010348337
      852.0  0.010418126
      853.0  0.010485337
      854.0  0.010552383
      855.0  0.010621444
      856.0  0.010678046
      857.0  0.010744334
      858.0  0.010805336
      859.0  0.010865667
      860.0  0.010926239
      861.0  0.010985013
      862.0  0.011041880
      863.0  0.011099908
      864.0  0.011152813
      865.0  0.011206532
      866.0  0.011262708
      867.0  0.011311988
      868.0  0.011359272
      869.0  0.011409264
      870.0  0.011453656
      871.0  0.011495608
      872.0  0.011541374
      873.0  0.011584616
      874.0  0.011622446
      875.0  0.011668622
      876.0  0.011706085
      877.0  0.011745551
      878.0  0.011784888
      879.0  0.011823109
      880.0  0.011857118
      881.0  0.011887351
      882.0  0.011920398
      883.0  0.011952757
      884.0  0.011978372
      885.0  0.011994826
      886.0  0.012012254
      887.0  0.012027469
      888.0  0.012045364
      889.0  0.012061886
      890.0  0.012078177
      891.0  0.012096379
      892.0  0.012104132
      893.0  0.012112069
      894.0  0.012120613
      895.0  0.012138478
      896.0  0.012147082
      897.0  0.012164306
      898.0  0.012173668
      899.0  0.012180556
      900.0  0.012190441
      901.0  0.012190441
      902.0  0.012190441
      903.0  0.012180556
      904.0  0.012180556
      905.0  0.012173668
      906.0  0.012173668
      907.0  0.012164306
      908.0  0.012155285
      909.0  0.012147082
      910.0  0.012138478
      911.0  0.012138478
      912.0  0.012130873
      913.0  0.012120613
      914.0  0.012112069
      915.0  0.012104132
      916.0  0.012096379
      917.0  0.012086104
      918.0  0.012070212
      919.0  0.012061886
      920.0  0.012051842
      921.0  0.012045364
      922.0  0.012027469
      923.0  0.012019167
      924.0  0.012002037
      925.0  0.011986882
      926.0  0.011969546
      927.0  0.011952757
      928.0  0.011937785
      929.0  0.011920398
      930.0  0.011903053
      931.0  0.011887351
      932.0  0.011872479
      933.0  0.011857118
      934.0  0.011839540
      935.0  0.011823109
      936.0  0.011807568
      937.0  0.011791385
      938.0  0.011776543
      939.0  0.011752196
      940.0  0.011730604
      941.0  0.011706085
      942.0  0.011683222
      943.0  0.011659372
      944.0  0.011628853
      945.0  0.011608190
      946.0  0.011584616
      947.0  0.011555197
      948.0  0.011532114
      949.0  0.011510030
      950.0  0.011489621
      951.0  0.011458368
      952.0  0.011445266
      953.0  0.011422662
      954.0  0.011400885
      955.0  0.011380662
      956.0  0.011366285
      957.0  0.011344668
      958.0  0.011331873
      959.0  0.011316958
      960.0  0.011296642
      961.0  0.011275442
      962.0  0.011254487
      963.0  0.011227326
      964.0  0.011200554
      965.0  0.011179550
      966.0  0.011152813
      967.0  0.011126232
      968.0  0.011107447
      969.0  0.011081892
      970.0  0.011056151
      971.0  0.011035677
      972.0  0.011016293
      973.0  0.010996572
      974.0  0.010978063
      975.0  0.010959213
      976.0  0.010939561
      977.0  0.010915139
      978.0  0.010896533
      979.0  0.010871179
      980.0  0.010847048
      981.0  0.010821888
      982.0  0.010805336
      983.0  0.010778907
      984.0  0.010755202
      985.0  0.010725893
      986.0  0.010694578
      987.0  0.010672638
      988.0  0.010644431
      989.0  0.010621444
      990.0  0.010598309
      991.0  0.010569825
      992.0  0.010547051
      993.0  0.010519344
      994.0  0.010497123
      995.0  0.010480119
      996.0  0.010468278
      997.0  0.010452406
      998.0  0.010440535
      999.0  0.010430271
     1000.0  0.010418126
     1001.0  0.010406358
     1002.0  0.010392153
     1003.0  0.010381454
     1004.0  0.010365444
     1005.0  0.010348337
     1006.0  0.010331225
     1007.0  0.010311850
     1008.0  0.010291118
     1009.0  0.010269408
     1010.0  0.010249221
     1011.0  0.010232284
     1012.0  0.010213068
     1013.0  0.010192460
     1014.0  0.010177182
     1015.0  0.010156808
     1016.0  0.010137317
     1017.0  0.010121857
     1018.0  0.010103429
     1019.0  0.010081223
     1020.0  0.010063076
     1021.0  0.010038996
     1022.0  0.010018776
     1023.0  0.009995381
     1024.0  0.009971244
     1025.0  0.009950980
     1026.0  0.009927559
     1027.0  0.009907627
     1028.0  0.009885216
     1029.0  0.009866902
     1030.0  0.009847933
     1031.0  0.009830227
     1032.0  0.009808261
     1033.0  0.009790316
     1034.0  0.009768317
     1035.0  0.009749784
     1036.0  0.009726507
     1037.0  0.009706470
     1038.0  0.009682704
     1039.0  0.009661533
     1040.0  0.009635425
     1041.0  0.009613925
     1042.0  0.009592565
     1043.0  0.009571247
     1044.0  0.009551992
     1045.0  0.009528708
     1046.0  0.009508180
     1047.0  0.009491725
     1048.0  0.009471321
     1049.0  0.009456119
     1050.0  0.009438968
     1051.0  0.009420267
     1052.0  0.009402581
     1053.0  0.009388092
     1054.0  0.009376551
     1055.0  0.009358490
     1056.0  0.009347846
     1057.0  0.009330936
     1058.0  0.009319828
     1059.0  0.009308427
     1060.0  0.009297894
     1061.0  0.009281036
     1062.0  0.009269577
     1063.0  0.009254382
     1064.0  0.009234854
     1065.0  0.009221403
     1066.0  0.009203034
     1067.0  0.009178433
     1068.0  0.009161132
     1069.0  0.009137596
     1070.0  0.009117505
     1071.0  0.009094800
     1072.0  0.009077682
     1073.0  0.009055058
     1074.0  0.009038744
     1075.0  0.009024216
     1076.0  0.009005894
     1077.0  0.008992149
     1078.0  0.008978351
     1079.0  0.008964466
     1080.0  0.008950151
     1081.0  0.008934102
     1082.0  0.008915308
     1083.0  0.008894949
     1084.0  0.008874770
     1085.0  0.008852292
     1086.0  0.008832295
     1087.0  0.008808760
     1088.0  0.008786291
     1089.0  0.008765765
     1090.0  0.008745739
     1091.0  0.008731286
     1092.0  0.008717496
     1093.0  0.008703500
     1094.0  0.008692111
     1095.0  0.008686800
     1096.0  0.008676995
     1097.0  0.008667934
     1098.0  0.008656971
     1099.0  0.008648177
     1100.0  0.008635424
     1101.0  0.008620726
     1102.0  0.008606867
     1103.0  0.008586658
     1104.0  0.008569578
     1105.0  0.008551110
     1106.0  0.008532184
     1107.0  0.008516193
     1108.0  0.008501046
     1109.0  0.008486425
     1110.0  0.008470371
     1111.0  0.008460561
     1112.0  0.008450741
     1113.0  0.008440292
     1114.0  0.008436585
     1115.0  0.008426596
     1116.0  0.008421338
     1117.0  0.008411640
     1118.0  0.008402244
     1119.0  0.008389494
     1120.0  0.008378751
     1121.0  0.008361184
     1122.0  0.008345886
     1123.0  0.008327524
     1124.0  0.008310452
     1125.0  0.008291463
     1126.0  0.008274685
     1127.0  0.008253894
     1128.0  0.008235729
     1129.0  0.008218208
     1130.0  0.008203247
     1131.0  0.008188413
     1132.0  0.008173496
     1133.0  0.008164629
     1134.0  0.008152071
     1135.0  0.008144181
     1136.0  0.008136518
     1137.0  0.008123814
     1138.0  0.008114952
     1139.0  0.008100264
     1140.0  0.008088089
     1141.0  0.008072391
     1142.0  0.008057184
     1143.0  0.008042258
     1144.0  0.008027453
     1145.0  0.008011042
     1146.0  0.007996507
     1147.0  0.007981600
     1148.0  0.007967278
     1149.0  0.007952491
     1150.0  0.007940507
     1151.0  0.007925743
     1152.0  0.007912548
     1153.0  0.007898579
     1154.0  0.007884305
     1155.0  0.007868511
     1156.0  0.007853658
     1157.0  0.007844402
     1158.0  0.007830829
     1159.0  0.007816891
     1160.0  0.007808648
     1161.0  0.007800324
     1162.0  0.007792477
     1163.0  0.007785217
     1164.0  0.007777837
     1165.0  0.007770184
     1166.0  0.007762336
     1167.0  0.007755180
     1168.0  0.007746573
     1169.0  0.007733658
     1170.0  0.007724462
     1171.0  0.007711572
     1172.0  0.007700052
     1173.0  0.007684765
     1174.0  0.007671509
     1175.0  0.007661268
     1176.0  0.007648092
     1177.0  0.007637045
     1178.0  0.007623225
     1179.0  0.007610193
     1180.0  0.007599389
     1181.0  0.007587302
     1182.0  0.007575603
     1183.0  0.007564409
     1184.0  0.007552692
     1185.0  0.007542210
     1186.0  0.007529478
     1187.0  0.007520967
     1188.0  0.007512023
     1189.0  0.007501014
     1190.0  0.007488434
     1191.0  0.007479666
     1192.0  0.007465227
     1193.0  0.007455600
     1194.0  0.007440409
     1195.0  0.007425473
     1196.0  0.007413390
     1197.0  0.007398337
     1198.0  0.007384910
     1199.0  0.007370805
     1200.0  0.007360822
     1201.0  0.007352555
     1202.0  0.007344403
     1203.0  0.007336530
     1204.0  0.007328844
     1205.0  0.007321244
     1206.0  0.007314291
     1207.0  0.007307626
     1208.0  0.007300977
     1209.0  0.007289475
     1210.0  0.007279228
     1211.0  0.007265974
     1212.0  0.007252932
     1213.0  0.007237823
     1214.0  0.007221805
     1215.0  0.007205186
     1216.0  0.007188694
     1217.0  0.007172822
     1218.0  0.007161224
     1219.0  0.007147238
     1220.0  0.007136561
     1221.0  0.007121540
     1222.0  0.007113834
     1223.0  0.007104341
     1224.0  0.007094530
     1225.0  0.007088247
     1226.0  0.007079389
     1227.0  0.007072417
     1228.0  0.007068607
     1229.0  0.007062727
     1230.0  0.007054958
     1231.0  0.007052459
     1232.0  0.007046255
     1233.0  0.007039952
     1234.0  0.007035410
     1235.0  0.007028735
     1236.0  0.007021030
     1237.0  0.007012961
     1238.0  0.007005002
     1239.0  0.006995964
     1240.0  0.006988455
     1241.0  0.006981075
     1242.0  0.006970201
     1243.0  0.006962396
     1244.0  0.006952229
     1245.0  0.006944386
     1246.0  0.006936933
     1247.0  0.006926672
     1248.0  0.006919212
     1249.0  0.006909912
     1250.0  0.006901030
     1251.0  0.006892570
     1252.0  0.006883686
     1253.0  0.006875240
     1254.0  0.006867177
     1255.0  0.006858754
     1256.0  0.006850085
     1257.0  0.006841927
     1258.0  0.006833235
     1259.0  0.006822268
     1260.0  0.006812193
     1261.0  0.006797056
     1262.0  0.006786780
     1263.0  0.006770461
     1264.0  0.006754023
     1265.0  0.006741592
     1266.0  0.006727049
     1267.0  0.006715994
     1268.0  0.006702532
     1269.0  0.006691468
     1270.0  0.006682390
     1271.0  0.006677382
     1272.0  0.006673012
     1273.0  0.006668754
     1274.0  0.006664507
     1275.0  0.006663236
     1276.0  0.006660148
     1277.0  0.006653771
     1278.0  0.006646588
     1279.0  0.006641945
     1280.0  0.006635490
     1281.0  0.006626307
     1282.0  0.006615946
     1283.0  0.006602908
     1284.0  0.006591494
     1285.0  0.006580368
     1286.0  0.006564330
     1287.0  0.006554165
     1288.0  0.006540005
     1289.0  0.006527301
     1290.0  0.006519019
     1291.0  0.006509741
     1292.0  0.006501081
     1293.0  0.006492266
     1294.0  0.006488415
     1295.0  0.006482387
     1296.0  0.006479112
     1297.0  0.006473619
     1298.0  0.006471530
     1299.0  0.006465433
     1300.0  0.006463016
     1301.0  0.006459462
     1302.0  0.006453637
     1303.0  0.006447376
     1304.0  0.006443745
     1305.0  0.006436337
     1306.0  0.006427570
     1307.0  0.006421306
     1308.0  0.006415702
     1309.0  0.006408131
     1310.0  0.006398975
     1311.0  0.006389711
     1312.0  0.006380365
     1313.0  0.006371042
     1314.0  0.006361696
     1315.0  0.006352382
     1316.0  0.006343016
     1317.0  0.006333714
     1318.0  0.006323368
     1319.0  0.006315646
     1320.0  0.006313000
     1321.0  0.006304960
     1322.0  0.006304115
     1323.0  0.006298457
     1324.0  0.006296525
     1325.0  0.006295454
     1326.0  0.006295080
     1327.0  0.006294201
     1328.0  0.006290721
     1329.0  0.006286714
     1330.0  0.006283279
     1331.0  0.006276365
     1332.0  0.006267977
     1333.0  0.006257645
     1334.0  0.006248333
     1335.0  0.006237909
     1336.0  0.006228029
     1337.0  0.006216417
     1338.0  0.006202723
     1339.0  0.006190773
     1340.0  0.006181189
     1341.0  0.006171944
     1342.0  0.006162381
     1343.0  0.006152226
     1344.0  0.006145859
     1345.0  0.006140636
     1346.0  0.006133058
     1347.0  0.006126993
     1348.0  0.006123038
     1349.0  0.006117207
     1350.0  0.006112466
     1351.0  0.006107031
     1352.0  0.006103082
     1353.0  0.006093824
     1354.0  0.006089918
     1355.0  0.006082322
     1356.0  0.006074230
     1357.0  0.006064389
     1358.0  0.006053939
     1359.0  0.006044233
     1360.0  0.006033005
     1361.0  0.006017095
     1362.0  0.006005705
     1363.0  0.005995869
     1364.0  0.005984153
     1365.0  0.005974620
     1366.0  0.005963735
     1367.0  0.005955451
     1368.0  0.005945902
     1369.0  0.005943494
     1370.0  0.005936712
     1371.0  0.005935392
     1372.0  0.005933125
     1373.0  0.005925859
     1374.0  0.005923503
     1375.0  0.005916208
     1376.0  0.005909553
     1377.0  0.005901450
     1378.0  0.005892562
     1379.0  0.005880649
     1380.0  0.005870783
     1381.0  0.005860403
     1382.0  0.005848774
     1383.0  0.005840842
     1384.0  0.005832491
     1385.0  0.005823644
     1386.0  0.005816189
     1387.0  0.005812695
     1388.0  0.005807844
     1389.0  0.005803708
     1390.0  0.005797861
     1391.0  0.005792613
     1392.0  0.005782934
     1393.0  0.005774627
     1394.0  0.005767728
     1395.0  0.005760432
     1396.0  0.005751477
     1397.0  0.005743572
     1398.0  0.005740267
     1399.0  0.005735707
     1400.0  0.005731083
     1401.0  0.005730170
     1402.0  0.005729647
     1403.0  0.005729459
     1404.0  0.005728710
     1405.0  0.005725439
     1406.0  0.005721508
     1407.0  0.005720269
     1408.0  0.005713833
     1409.0  0.005709850
     1410.0  0.005702549
     1411.0  0.005698587
     1412.0  0.005689585
     1413.0  0.005685928
     1414.0  0.005678508
     1415.0  0.005673468
     1416.0  0.005667564
     1417.0  0.005662792
     1418.0  0.005657607
     1419.0  0.005647892
     1420.0  0.005639638
     1421.0  0.005631333
     1422.0  0.005623014
     1423.0  0.005612914
     1424.0  0.005602801
     1425.0  0.005593318
     1426.0  0.005583324
     1427.0  0.005573826
     1428.0  0.005569994
     1429.0  0.005563100
     1430.0  0.005562427
     1431.0  0.005562427
     1432.0  0.005562427
     1433.0  0.005562707
     1434.0  0.005562427
     1435.0  0.005561550
     1436.0  0.005556008
     1437.0  0.005550892
     1438.0  0.005541404
     1439.0  0.005533333
     1440.0  0.005527725
     1441.0  0.005519618
     1442.0  0.005509025
     1443.0  0.005505743
     1444.0  0.005497544
     1445.0  0.005494713
     1446.0  0.005487741
     1447.0  0.005485669
     1448.0  0.005482583
     1449.0  0.005476004
     1450.0  0.005473725
     1451.0  0.005465294
     1452.0  0.005457504
     1453.0  0.005451476
     1454.0  0.005440375
     1455.0  0.005430479
     1456.0  0.005420690
     1457.0  0.005410605
     1458.0  0.005401838
     1459.0  0.005396006
     1460.0  0.005387980
     1461.0  0.005385111
     1462.0  0.005377528
     1463.0  0.005375696
     1464.0  0.005370145
     1465.0  0.005366697
     1466.0  0.005363598
     1467.0  0.005355726
     1468.0  0.005353852
     1469.0  0.005347572
     1470.0  0.005343227
     1471.0  0.005333837
     1472.0  0.005325762
     1473.0  0.005318240
     1474.0  0.005307233
     1475.0  0.005295814
     1476.0  0.005285833
     1477.0  0.005275341
     1478.0  0.005266747
     1479.0  0.005264720
     1480.0  0.005263739
     1481.0  0.005262524
     1482.0  0.005262524
     1483.0  0.005262524
     1484.0  0.005262524
     1485.0  0.005261511
     1486.0  0.005258166
     1487.0  0.005253315
     1488.0  0.005251274
     1489.0  0.005242883
     1490.0  0.005236765
     1491.0  0.005229101
     1492.0  0.005219767
     1493.0  0.005214556
     1494.0  0.005207824
     1495.0  0.005207014
     1496.0  0.005205580
     1497.0  0.005203911
     1498.0  0.005199923
     1499.0  0.005197589
     1500.0  0.005195838
     1501.0  0.005186860
     1502.0  0.005183060
     1503.0  0.005172653
     1504.0  0.005162663
     1505.0  0.005150661
     1506.0  0.005138292
     1507.0  0.005127634
     1508.0  0.005115690
     1509.0  0.005104250
     1510.0  0.005098217
     1511.0  0.005091656
     1512.0  0.005086745
     1513.0  0.005081540
     1514.0  0.005079249
     1515.0  0.005071776
     1516.0  0.005068979
     1517.0  0.005067042
     1518.0  0.005059786
     1519.0  0.005057227
     1520.0  0.005056251
     1521.0  0.005054396
     1522.0  0.005049206
     1523.0  0.005045685
     1524.0  0.005044882
     1525.0  0.005043949
     1526.0  0.005040451
     1527.0  0.005034804
     1528.0  0.005032944
     1529.0  0.005031113
     1530.0  0.005024446
     1531.0  0.005020939
     1532.0  0.005016439
     1533.0  0.005010199
     1534.0  0.005008038
     1535.0  0.005004083
     1536.0  0.004999851
     1537.0  0.004998474
     1538.0  0.004997080
     1539.0  0.004995041
     1540.0  0.004987794
     1541.0  0.004984360
     1542.0  0.004975900
     1543.0  0.004971116
     1544.0  0.004962542
     1545.0  0.004951747
     1546.0  0.004945382
     1547.0  0.004936698
     1548.0  0.004927520
     1549.0  0.004923536
     1550.0  0.004916203
     1551.0  0.004913398
     1552.0  0.004911262
     1553.0  0.004907064
     1554.0  0.004901690
     1555.0  0.004900429
     1556.0  0.004892995
     1557.0  0.004888731
     1558.0  0.004879426
     1559.0  0.004875681
     1560.0  0.004865453
     1561.0  0.004858363
     1562.0  0.004852944
     1563.0  0.004846757
     1564.0  0.004841538
     1565.0  0.004840565
     1566.0  0.004840565
     1567.0  0.004841538
     1568.0  0.004843780
     1569.0  0.004846757
     1570.0  0.004846757
     1571.0  0.004844740
     1572.0  0.004840565
     1573.0  0.004835244
     1574.0  0.004825824
     1575.0  0.004811618
     1576.0  0.004793564
     1577.0  0.004777953
     1578.0  0.004758820
     1579.0  0.004741320
     1580.0  0.004727114
     1581.0  0.004713714
     1582.0  0.004701551
     1583.0  0.004690696
     1584.0  0.004683067
     1585.0  0.004677454
     1586.0  0.004674143
     1587.0  0.004665944
     1588.0  0.004662976
     1589.0  0.004652132
     1590.0  0.004642673
     1591.0  0.004634360
     1592.0  0.004624908
     1593.0  0.004613279
     1594.0  0.004608501
     1595.0  0.004601003
     1596.0  0.004599244
     1597.0  0.004598387
     1598.0  0.004598387
     1599.0  0.004599500
     1600.0  0.004601260
     1601.0  0.004606444
     1602.0  0.004610866
     1603.0  0.004611874
     1604.0  0.004610475
     1605.0  0.004601528
     1606.0  0.004592771
     1607.0  0.004579394
     1608.0  0.004563682
     1609.0  0.004547848
     1610.0  0.004532035
     1611.0  0.004515061
     1612.0  0.004500785
     1613.0  0.004491265
     1614.0  0.004482161
     1615.0  0.004473310
     1616.0  0.004469203
     1617.0  0.004466639
     1618.0  0.004461015
     1619.0  0.004457157
     1620.0  0.004456279
     1621.0  0.004455904
     1622.0  0.004455241
     1623.0  0.004452485
     1624.0  0.004443465
     1625.0  0.004438511
     1626.0  0.004428355
     1627.0  0.004415421
     1628.0  0.004401529
     1629.0  0.004389312
     1630.0  0.004382626
     1631.0  0.004375316
     1632.0  0.004373217
     1633.0  0.004369953
     1634.0  0.004362975
     1635.0  0.004360459
     1636.0  0.004348003
     1637.0  0.004335905
     1638.0  0.004320987
     1639.0  0.004307088
     1640.0  0.004292645
     1641.0  0.004277402
     1642.0  0.004255401
     1643.0  0.004235839
     1644.0  0.004214728
     1645.0  0.004194265
     1646.0  0.004179577
     1647.0  0.004166690
     1648.0  0.004161597
     1649.0  0.004155092
     1650.0  0.004152825
     1651.0  0.004152627
     1652.0  0.004152444
     1653.0  0.004152627
     1654.0  0.004152627
     1655.0  0.004152444
